  1       c/y 0 0 0.455
  2         p 0 1 0 253.6
  3         p 0 -1 0 0
  4       c/y -3.825 6.6250943389509 0.455
  5         p 0 1 0 253.6
  6         p 0 -1 0 0
  7       c/y -4.4625 5.5209119491258 0.455
  8         p 0 1 0 253.6
  9         p 0 -1 0 0
  10       c/y -5.1 4.4167295593006 0.455
  11         p 0 1 0 253.6
  12         p 0 -1 0 0
  13       c/y -5.7375 3.3125471694755 0.455
  14         p 0 1 0 253.6
  15         p 0 -1 0 0
  16       c/y -6.375 2.2083647796503 0.455
  17         p 0 1 0 253.6
  18         p 0 -1 0 0
  19       c/y -7.0125 1.1041823898251 0.455
  20         p 0 1 0 253.6
  21         p 0 -1 0 0
  22       c/y -7.65 -1.5265566588596e-014 0.455
  23         p 0 1 0 253.6
  24         p 0 -1 0 0
  25       c/y -2.55 6.6250943389509 0.455
  26         p 0 1 0 253.6
  27         p 0 -1 0 0
  28       c/y -3.1875 5.5209119491258 0.455
  29         p 0 1 0 253.6
  30         p 0 -1 0 0
  31       c/y -3.825 4.4167295593006 0.455
  32         p 0 1 0 253.6
  33         p 0 -1 0 0
  34       c/y -4.4625 3.3125471694755 0.455
  35         p 0 1 0 253.6
  36         p 0 -1 0 0
  37       c/y -5.1 2.2083647796503 0.455
  38         p 0 1 0 253.6
  39         p 0 -1 0 0
  40       c/y -5.7375 1.1041823898251 0.455
  41         p 0 1 0 253.6
  42         p 0 -1 0 0
  43       c/y -6.375 -1.2490009027033e-014 0.455
  44         p 0 1 0 253.6
  45         p 0 -1 0 0
  46       c/y -7.0125 -1.1041823898252 0.455
  47         p 0 1 0 253.6
  48         p 0 -1 0 0
  49       c/y -1.275 6.6250943389509 0.455
  50         p 0 1 0 253.6
  51         p 0 -1 0 0
  52       c/y -1.9125 5.5209119491258 0.455
  53         p 0 1 0 253.6
  54         p 0 -1 0 0
  55       c/y -2.55 4.4167295593006 0.455
  56         p 0 1 0 253.6
  57         p 0 -1 0 0
  58       c/y -3.1875 3.3125471694755 0.455
  59         p 0 1 0 253.6
  60         p 0 -1 0 0
  61       c/y -3.825 2.2083647796503 0.455
  62         p 0 1 0 253.6
  63         p 0 -1 0 0
  64       c/y -4.4625 1.1041823898251 0.455
  65         p 0 1 0 253.6
  66         p 0 -1 0 0
  67       c/y -5.1 -9.7144514654701e-015 0.455
  68         p 0 1 0 253.6
  69         p 0 -1 0 0
  70       c/y -5.7375 -1.1041823898252 0.455
  71         p 0 1 0 253.6
  72         p 0 -1 0 0
  73       c/y -6.375 -2.2083647796503 0.455
  74         p 0 1 0 253.6
  75         p 0 -1 0 0
  76       c/y 1.717376241217e-014 6.6250943389509 0.455
  77         p 0 1 0 253.6
  78         p 0 -1 0 0
  79       c/y -0.63749999999999 5.5209119491258 0.455
  80         p 0 1 0 253.6
  81         p 0 -1 0 0
  82       c/y -1.275 4.4167295593006 0.455
  83         p 0 1 0 253.6
  84         p 0 -1 0 0
  85       c/y -1.9125 3.3125471694755 0.455
  86         p 0 1 0 253.6
  87         p 0 -1 0 0
  88       c/y -2.55 2.2083647796503 0.455
  89         p 0 1 0 253.6
  90         p 0 -1 0 0
  91       c/y -3.1875 1.1041823898252 0.455
  92         p 0 1 0 253.6
  93         p 0 -1 0 0
  94       c/y -3.825 -6.9388939039072e-015 0.455
  95         p 0 1 0 253.6
  96         p 0 -1 0 0
  97       c/y -4.4625 -1.1041823898252 0.455
  98         p 0 1 0 253.6
  99         p 0 -1 0 0
  100       c/y -5.1 -2.2083647796503 0.455 
  101         p 0 1 0 253.6 
  102         p 0 -1 0 0 
  103       c/y -5.7375 -3.3125471694755 0.455 
  104         p 0 1 0 253.6 
  105         p 0 -1 0 0 
  106       c/y 1.275 6.6250943389509 0.455 
  107         p 0 1 0 253.6 
  108         p 0 -1 0 0 
  109       c/y 0.63750000000001 5.5209119491258 0.455 
  110         p 0 1 0 253.6 
  111         p 0 -1 0 0 
  112       c/y 1.0755285551056e-014 4.4167295593006 0.455 
  113         p 0 1 0 253.6 
  114         p 0 -1 0 0 
  115       c/y -0.63749999999999 3.3125471694755 0.455 
  116         p 0 1 0 253.6 
  117         p 0 -1 0 0 
  118       c/y -1.275 2.2083647796503 0.455 
  119         p 0 1 0 253.6 
  120         p 0 -1 0 0 
  121       c/y -1.9125 1.1041823898252 0.455 
  122         p 0 1 0 253.6 
  123         p 0 -1 0 0 
  124       c/y -2.55 -4.1633363423443e-015 0.455 
  125         p 0 1 0 253.6 
  126         p 0 -1 0 0 
  127       c/y -3.1875 -1.1041823898252 0.455 
  128         p 0 1 0 253.6 
  129         p 0 -1 0 0 
  130       c/y -3.825 -2.2083647796503 0.455 
  131         p 0 1 0 253.6 
  132         p 0 -1 0 0 
  133       c/y -4.4625 -3.3125471694755 0.455 
  134         p 0 1 0 253.6 
  135         p 0 -1 0 0 
  136       c/y -5.1 -4.4167295593006 0.455 
  137         p 0 1 0 253.6 
  138         p 0 -1 0 0 
  139       c/y 2.55 6.6250943389509 0.455 
  140         p 0 1 0 253.6 
  141         p 0 -1 0 0 
  142       c/y 1.9125 5.5209119491258 0.455 
  143         p 0 1 0 253.6 
  144         p 0 -1 0 0 
  145       c/y 1.275 4.4167295593006 0.455 
  146         p 0 1 0 253.6 
  147         p 0 -1 0 0 
  148       c/y 0.63750000000001 3.3125471694755 0.455 
  149         p 0 1 0 253.6 
  150         p 0 -1 0 0 
  151       c/y 4.5102810375397e-015 2.2083647796503 0.455 
  152         p 0 1 0 253.6 
  153         p 0 -1 0 0 
  154       c/y -0.6375 1.1041823898252 0.455 
  155         p 0 1 0 253.6 
  156         p 0 -1 0 0 
  157       c/y -1.275 1.3877787807814e-015 0.455 
  158         p 0 1 0 253.6 
  159         p 0 -1 0 0 
  160       c/y -1.9125 -1.1041823898252 0.455 
  161         p 0 1 0 253.6 
  162         p 0 -1 0 0 
  163       c/y -2.55 -2.2083647796503 0.455 
  164         p 0 1 0 253.6 
  165         p 0 -1 0 0 
  166       c/y -3.1875 -3.3125471694755 0.455 
  167         p 0 1 0 253.6 
  168         p 0 -1 0 0 
  169       c/y -3.825 -4.4167295593006 0.455 
  170         p 0 1 0 253.6 
  171         p 0 -1 0 0 
  172       c/y -4.4625 -5.5209119491258 0.455 
  173         p 0 1 0 253.6 
  174         p 0 -1 0 0 
  175       c/y 3.825 6.6250943389509 0.455 
  176         p 0 1 0 253.6 
  177         p 0 -1 0 0 
  178       c/y 3.1875 5.5209119491258 0.455 
  179         p 0 1 0 253.6 
  180         p 0 -1 0 0 
  181       c/y 2.55 4.4167295593006 0.455 
  182         p 0 1 0 253.6 
  183         p 0 -1 0 0 
  184       c/y 1.9125 3.3125471694755 0.455 
  185         p 0 1 0 253.6 
  186         p 0 -1 0 0 
  187       c/y 1.275 2.2083647796503 0.455 
  188         p 0 1 0 253.6 
  189         p 0 -1 0 0 
  190       c/y 0.6375 1.1041823898252 0.455 
  191         p 0 1 0 253.6 
  192         p 0 -1 0 0 
  193       c/y -0.6375 -1.1041823898252 0.455 
  194         p 0 1 0 253.6 
  195         p 0 -1 0 0 
  196       c/y -1.275 -2.2083647796503 0.455 
  197         p 0 1 0 253.6 
  198         p 0 -1 0 0 
  199       c/y -1.9125 -3.3125471694755 0.455 
  200         p 0 1 0 253.6 
  201         p 0 -1 0 0 
  202       c/y -2.55 -4.4167295593006 0.455 
  203         p 0 1 0 253.6 
  204         p 0 -1 0 0 
  205       c/y -3.1875 -5.5209119491258 0.455 
  206         p 0 1 0 253.6 
  207         p 0 -1 0 0 
  208       c/y -3.825 -6.6250943389509 0.455 
  209         p 0 1 0 253.6 
  210         p 0 -1 0 0 
  211       c/y 4.4625 5.5209119491258 0.455 
  212         p 0 1 0 253.6 
  213         p 0 -1 0 0 
  214       c/y 3.825 4.4167295593006 0.455 
  215         p 0 1 0 253.6 
  216         p 0 -1 0 0 
  217       c/y 3.1875 3.3125471694755 0.455 
  218         p 0 1 0 253.6 
  219         p 0 -1 0 0 
  220       c/y 2.55 2.2083647796503 0.455 
  221         p 0 1 0 253.6 
  222         p 0 -1 0 0 
  223       c/y 1.9125 1.1041823898252 0.455 
  224         p 0 1 0 253.6 
  225         p 0 -1 0 0 
  226       c/y 1.275 2.7755575615629e-015 0.455 
  227         p 0 1 0 253.6 
  228         p 0 -1 0 0 
  229       c/y 0.6375 -1.1041823898252 0.455 
  230         p 0 1 0 253.6 
  231         p 0 -1 0 0 
  232       c/y -4.5102810375397e-015 -2.2083647796503 0.455 
  233         p 0 1 0 253.6 
  234         p 0 -1 0 0 
  235       c/y -0.63750000000001 -3.3125471694755 0.455 
  236         p 0 1 0 253.6 
  237         p 0 -1 0 0 
  238       c/y -1.275 -4.4167295593006 0.455 
  239         p 0 1 0 253.6 
  240         p 0 -1 0 0 
  241       c/y -1.9125 -5.5209119491258 0.455 
  242         p 0 1 0 253.6 
  243         p 0 -1 0 0 
  244       c/y -2.55 -6.6250943389509 0.455 
  245         p 0 1 0 253.6 
  246         p 0 -1 0 0 
  247       c/y 5.1 4.4167295593006 0.455 
  248         p 0 1 0 253.6 
  249         p 0 -1 0 0 
  250       c/y 4.4625 3.3125471694755 0.455 
  251         p 0 1 0 253.6 
  252         p 0 -1 0 0 
  253       c/y 3.825 2.2083647796503 0.455 
  254         p 0 1 0 253.6 
  255         p 0 -1 0 0 
  256       c/y 3.1875 1.1041823898252 0.455 
  257         p 0 1 0 253.6 
  258         p 0 -1 0 0 
  259       c/y 2.55 4.1633363423443e-015 0.455 
  260         p 0 1 0 253.6 
  261         p 0 -1 0 0 
  262       c/y 1.9125 -1.1041823898252 0.455 
  263         p 0 1 0 253.6 
  264         p 0 -1 0 0 
  265       c/y 1.275 -2.2083647796503 0.455 
  266         p 0 1 0 253.6 
  267         p 0 -1 0 0 
  268       c/y 0.63749999999999 -3.3125471694755 0.455 
  269         p 0 1 0 253.6 
  270         p 0 -1 0 0 
  271       c/y -9.3675067702748e-015 -4.4167295593006 0.455 
  272         p 0 1 0 253.6 
  273         p 0 -1 0 0 
  274       c/y -0.63750000000001 -5.5209119491258 0.455 
  275         p 0 1 0 253.6 
  276         p 0 -1 0 0 
  277       c/y -1.275 -6.6250943389509 0.455 
  278         p 0 1 0 253.6 
  279         p 0 -1 0 0 
  280       c/y 5.7375 3.3125471694755 0.455 
  281         p 0 1 0 253.6 
  282         p 0 -1 0 0 
  283       c/y 5.1 2.2083647796503 0.455 
  284         p 0 1 0 253.6 
  285         p 0 -1 0 0 
  286       c/y 4.4625 1.1041823898252 0.455 
  287         p 0 1 0 253.6 
  288         p 0 -1 0 0 
  289       c/y 3.825 5.5511151231258e-015 0.455 
  290         p 0 1 0 253.6 
  291         p 0 -1 0 0 
  292       c/y 3.1875 -1.1041823898252 0.455 
  293         p 0 1 0 253.6 
  294         p 0 -1 0 0 
  295       c/y 2.55 -2.2083647796503 0.455 
  296         p 0 1 0 253.6 
  297         p 0 -1 0 0 
  298       c/y 1.9125 -3.3125471694755 0.455 
  299         p 0 1 0 253.6 
  300         p 0 -1 0 0 
  301       c/y 1.275 -4.4167295593006 0.455 
  302         p 0 1 0 253.6 
  303         p 0 -1 0 0 
  304       c/y 0.63749999999999 -5.5209119491258 0.455 
  305         p 0 1 0 253.6 
  306         p 0 -1 0 0 
  307       c/y -1.422473250301e-014 -6.6250943389509 0.455 
  308         p 0 1 0 253.6 
  309         p 0 -1 0 0 
  310       c/y 6.375 2.2083647796503 0.455 
  311         p 0 1 0 253.6 
  312         p 0 -1 0 0 
  313       c/y 5.7375 1.1041823898252 0.455 
  314         p 0 1 0 253.6 
  315         p 0 -1 0 0 
  316       c/y 5.1 8.3266726846887e-015 0.455 
  317         p 0 1 0 253.6 
  318         p 0 -1 0 0 
  319       c/y 4.4625 -1.1041823898251 0.455 
  320         p 0 1 0 253.6 
  321         p 0 -1 0 0 
  322       c/y 3.825 -2.2083647796503 0.455 
  323         p 0 1 0 253.6 
  324         p 0 -1 0 0 
  325       c/y 3.1875 -3.3125471694755 0.455 
  326         p 0 1 0 253.6 
  327         p 0 -1 0 0 
  328       c/y 2.55 -4.4167295593006 0.455 
  329         p 0 1 0 253.6 
  330         p 0 -1 0 0 
  331       c/y 1.9125 -5.5209119491258 0.455 
  332         p 0 1 0 253.6 
  333         p 0 -1 0 0 
  334       c/y 1.275 -6.6250943389509 0.455 
  335         p 0 1 0 253.6 
  336         p 0 -1 0 0 
  337       c/y 7.0125 1.1041823898252 0.455 
  338         p 0 1 0 253.6 
  339         p 0 -1 0 0 
  340       c/y 6.375 1.1102230246252e-014 0.455 
  341         p 0 1 0 253.6 
  342         p 0 -1 0 0 
  343       c/y 5.7375 -1.1041823898251 0.455 
  344         p 0 1 0 253.6 
  345         p 0 -1 0 0 
  346       c/y 5.1 -2.2083647796503 0.455 
  347         p 0 1 0 253.6 
  348         p 0 -1 0 0 
  349       c/y 4.4625 -3.3125471694755 0.455 
  350         p 0 1 0 253.6 
  351         p 0 -1 0 0 
  352       c/y 3.825 -4.4167295593006 0.455 
  353         p 0 1 0 253.6 
  354         p 0 -1 0 0 
  355       c/y 3.1875 -5.5209119491258 0.455 
  356         p 0 1 0 253.6 
  357         p 0 -1 0 0 
  358       c/y 2.55 -6.6250943389509 0.455 
  359         p 0 1 0 253.6 
  360         p 0 -1 0 0 
  361       c/y 7.65 1.3877787807814e-014 0.455 
  362         p 0 1 0 253.6 
  363         p 0 -1 0 0 
  364       c/y 7.0125 -1.1041823898251 0.455 
  365         p 0 1 0 253.6 
  366         p 0 -1 0 0 
  367       c/y 6.375 -2.2083647796503 0.455 
  368         p 0 1 0 253.6 
  369         p 0 -1 0 0 
  370       c/y 5.7375 -3.3125471694755 0.455 
  371         p 0 1 0 253.6 
  372         p 0 -1 0 0 
  373       c/y 5.1 -4.4167295593006 0.455 
  374         p 0 1 0 253.6 
  375         p 0 -1 0 0 
  376       c/y 4.4625 -5.5209119491258 0.455 
  377         p 0 1 0 253.6 
  378         p 0 -1 0 0 
  379       c/y 3.825 -6.6250943389509 0.455 
  380         p 0 1 0 253.6 
  381         p 0 -1 0 0